11, 33, 37, 61, 9
13, 82, 2, 96, 16
81, 74, 67, 72, 34
7, 41, 34, 46, 62
94, 27, 39, 91, 21
22, 95, 12, 11, 11
96, 5, 97, 9, 5
89, 36, 5, 58, 100
99, 58, 79, 17, 86
20, 77, 53, 100, 13
18, 6, 50, 62, 97
60, 26, 38, 90, 45
65, 50, 44, 72, 93
13, 26, 20, 60, 96
24, 14, 47, 22, 72
35, 26, 55, 65, 96
67, 33, 46, 8, 17
79, 40, 97, 76, 40
82, 88, 71, 6, 92
96, 63, 83, 42, 52
72, 13, 78, 0, 70
58, 0, 14, 22, 4
81, 33, 86, 33, 77
65, 97, 7, 49, 10
64, 80, 9, 74, 33
45, 39, 91, 7, 75
5, 21, 2, 98, 88
94, 88, 19, 93, 24
1, 86, 35, 9, 90
77, 40, 14, 19, 24
50, 22, 90, 90, 20
68, 30, 62, 56, 39
53, 90, 64, 54, 33
55, 96, 43, 33, 43
32, 78, 99, 91, 2
85, 82, 36, 58, 61
95, 94, 39, 87, 14
99, 34, 1, 58, 25
53, 66, 53, 27, 87
32, 54, 88, 36, 48
4, 36, 35, 36, 5
73, 94, 12, 79, 5
13, 82, 88, 11, 62
80, 34, 80, 78, 93
78, 43, 9, 61, 86
50, 10, 17, 44, 93
53, 13, 59, 48, 96
79, 37, 82, 39, 9
23, 13, 58, 45, 48
47, 54, 29, 89, 88
15, 3, 10, 0, 88
5, 9, 84, 54, 39
82, 34, 18, 77, 52
58, 49, 77, 86, 24
79, 71, 31, 47, 97
69, 53, 2, 34, 94
32, 52, 9, 46, 90
24, 47, 74, 36, 79
31, 53, 41, 31, 80
36, 2, 23, 83, 1
82, 76, 45, 27, 25
64, 34, 48, 6, 66
88, 21, 21, 3, 87
4, 30, 77, 18, 20
36, 76, 82, 73, 26
20, 23, 11, 22, 43
21, 14, 80, 96, 56
8, 74, 85, 57, 46
36, 21, 86, 42, 90
50, 27, 46, 36, 79
3, 80, 58, 11, 88
22, 61, 80, 46, 27
44, 47, 19, 82, 90
22, 88, 65, 65, 46
26, 50, 67, 100, 19
26, 32, 62, 22, 3
90, 27, 50, 18, 13
91, 16, 78, 43, 97
52, 66, 4, 45, 98
65, 19, 25, 10, 24
71, 72, 52, 81, 4
93, 55, 17, 31, 7
54, 18, 64, 20, 11
58, 32, 66, 90, 71
77, 73, 68, 19, 48
54, 71, 86, 18, 90
75, 52, 66, 9, 44
6, 37, 93, 98, 61
25, 71, 100, 42, 75
24, 30, 91, 87, 20
1, 0, 68, 53, 14
91, 86, 86, 42, 59
44, 2, 98, 7, 99
82, 71, 13, 12, 71
96, 81, 47, 100, 60
1, 89, 16, 21, 33
5, 95, 72, 46, 92
15, 23, 97, 48, 43
81, 13, 10, 42, 88
38, 100, 100, 78, 74
79, 39, 21, 49, 46
83, 4, 21, 33, 69
36, 14, 88, 83, 85
24, 24, 46, 84, 50
37, 4, 66, 69, 6
40, 67, 48, 9, 37
37, 78, 29, 13, 53
14, 2, 99, 51, 63
92, 88, 76, 45, 35
57, 21, 27, 0, 47
6, 82, 0, 99, 35
46, 71, 70, 33, 38
4, 71, 65, 18, 16
26, 46, 15, 85, 10
56, 24, 15, 52, 25
43, 56, 25, 65, 3
92, 37, 58, 57, 82
64, 91, 38, 1, 19
62, 3, 14, 61, 49
6, 49, 71, 68, 5
61, 28, 83, 79, 2
98, 65, 82, 32, 19
16, 56, 17, 73, 76
94, 80, 93, 46, 46
33, 30, 34, 51, 35
23, 56, 27, 59, 57
29, 57, 75, 92, 86
46, 65, 10, 63, 22
38, 47, 63, 23, 42
31, 36, 2, 89, 74
71, 77, 54, 77, 100
88, 80, 59, 90, 91
55, 15, 30, 23, 96
26, 76, 45, 42, 83
17, 59, 3, 44, 84
92, 90, 35, 94, 24
72, 98, 16, 37, 14
56, 10, 94, 27, 83
38, 79, 48, 9, 87
99, 77, 37, 43, 80
46, 93, 78, 13, 28
87, 18, 60, 100, 81
16, 93, 83, 67, 83
88, 28, 38, 73, 31
10, 19, 85, 58, 18
29, 23, 83, 78, 25
84, 77, 66, 62, 96
90, 51, 91, 54, 24
83, 52, 48, 25, 56
21, 81, 4, 31, 63
39, 88, 87, 68, 74
33, 32, 8, 15, 83
67, 1, 48, 8, 72
77, 11, 74, 52, 42
81, 23, 4, 26, 31
67, 65, 77, 35, 83
58, 91, 45, 12, 88
23, 10, 59, 0, 32
36, 52, 57, 76, 65
93, 26, 75, 66, 47
79, 46, 4, 92, 99
79, 94, 2, 16, 65
56, 25, 78, 33, 34
22, 93, 0, 100, 76
34, 50, 3, 16, 31
15, 97, 12, 64, 40
5, 24, 16, 89, 68
30, 75, 16, 57, 53
1, 86, 15, 15, 10
70, 54, 68, 45, 11
94, 83, 23, 2, 0
85, 36, 73, 61, 85
42, 53, 98, 21, 14
64, 71, 37, 4, 16
72, 87, 47, 60, 49
12, 5, 99, 23, 12
59, 41, 73, 42, 48
34, 33, 94, 56, 52
25, 94, 73, 38, 75
65, 21, 90, 52, 47
65, 25, 49, 53, 19
72, 11, 73, 82, 41
50, 51, 94, 75, 76
7, 83, 77, 34, 20
68, 42, 16, 55, 21
76, 42, 96, 39, 37
67, 86, 13, 19, 83
6, 50, 5, 43, 56
64, 72, 31, 24, 6
8, 35, 25, 88, 5
81, 6, 72, 53, 68
4, 82, 36, 24, 25
79, 57, 57, 71, 35
51, 84, 22, 67, 58
69, 16, 86, 49, 67
82, 37, 81, 13, 86
0, 10, 95, 14, 23
28, 29, 89, 43, 71
41, 13, 29, 60, 68
57, 24, 46, 54, 3
13, 69, 74, 0, 67
62, 41, 16, 89, 36
82, 98, 17, 57, 98
2, 11, 14, 27, 77
12, 41, 77, 51, 52
88, 16, 100, 50, 73
6, 71, 37, 52, 10
89, 89, 21, 60, 97
24, 6, 91, 66, 42
2, 44, 6, 21, 93
14, 92, 70, 9, 5
88, 70, 36, 17, 11
13, 73, 29, 13, 40
46, 28, 69, 83, 19
24, 21, 85, 100, 74
76, 10, 54, 85, 96
86, 41, 24, 5, 82
39, 63, 48, 27, 69
14, 77, 68, 4, 11
12, 53, 91, 59, 17
25, 8, 71, 94, 66
36, 44, 95, 80, 33
85, 45, 9, 89, 40
61, 39, 48, 76, 48
83, 20, 31, 61, 27
13, 81, 45, 63, 9
7, 69, 92, 27, 15
67, 57, 83, 43, 16
53, 11, 49, 26, 41
97, 40, 97, 43, 88
84, 39, 84, 73, 82
26, 12, 10, 36, 78
49, 33, 12, 94, 77
89, 7, 27, 77, 83
83, 32, 66, 25, 26
77, 96, 88, 50, 51
54, 51, 64, 10, 43
61, 53, 22, 0, 8
56, 1, 39, 64, 89
20, 49, 22, 58, 16
81, 12, 4, 17, 20
93, 84, 61, 4, 19
18, 86, 84, 23, 9
76, 46, 79, 2, 37
9, 72, 15, 80, 6
92, 78, 92, 89, 71
24, 70, 20, 24, 22
76, 66, 16, 42, 16
30, 25, 42, 49, 18
46, 82, 86, 94, 45
32, 24, 53, 68, 14
54, 57, 70, 3, 71
81, 43, 34, 98, 55
63, 14, 61, 21, 49
8, 40, 68, 76, 2
90, 23, 72, 60, 74
15, 96, 69, 67, 41
62, 1, 26, 9, 9
36, 22, 67, 41, 24
17, 76, 5, 12, 55
100, 7, 97, 65, 52
74, 49, 69, 31, 48
47, 16, 12, 98, 81
17, 25, 98, 20, 70
63, 21, 35, 10, 52
76, 16, 75, 25, 46
78, 72, 47, 12, 0
64, 92, 62, 45, 52
43, 59, 48, 22, 17
42, 44, 9, 88, 81
92, 98, 10, 95, 18
36, 59, 72, 74, 14
98, 18, 0, 98, 45
92, 12, 13, 95, 58
14, 21, 59, 1, 56
25, 98, 14, 57, 27
2, 50, 8, 59, 57
7, 7, 16, 97, 58
41, 13, 20, 26, 41
70, 64, 3, 85, 72
48, 99, 27, 65, 8
88, 38, 35, 23, 12
73, 32, 22, 65, 10
89, 92, 41, 46, 75
93, 52, 89, 71, 22
64, 57, 83, 53, 29
35, 2, 93, 64, 46
34, 28, 38, 80, 28
61, 87, 41, 97, 39
0, 85, 94, 51, 12
12, 91, 16, 18, 11
78, 10, 15, 62, 23
37, 26, 84, 48, 52
4, 94, 65, 85, 87
49, 99, 58, 95, 48
95, 16, 32, 73, 80
46, 14, 98, 62, 64
92, 47, 2, 60, 48
91, 91, 89, 39, 25
67, 28, 70, 28, 58
57, 48, 75, 12, 8
50, 53, 16, 97, 59
85, 80, 90, 98, 65
94, 38, 83, 83, 21
58, 42, 40, 74, 0
67, 9, 80, 35, 60
66, 8, 99, 90, 51
33, 1, 17, 97, 31
75, 44, 100, 36, 57
29, 55, 29, 62, 66
93, 62, 92, 6, 8
16, 28, 46, 12, 100
43, 51, 45, 26, 30
54, 74, 56, 81, 8
6, 39, 94, 51, 18
49, 48, 63, 77, 57
84, 63, 47, 80, 9
40, 86, 55, 45, 27
31, 52, 74, 29, 7
45, 93, 95, 47, 92
35, 57, 74, 88, 89
11, 92, 25, 46, 74
13, 67, 21, 43, 79
18, 52, 78, 28, 61
0, 82, 0, 32, 59
30, 63, 58, 36, 2
75, 41, 20, 64, 17
67, 87, 55, 87, 60
19, 51, 79, 42, 7
95, 19, 14, 67, 76
79, 83, 96, 60, 70
86, 100, 75, 8, 50
12, 18, 31, 54, 49
0, 48, 28, 89, 11
52, 96, 43, 13, 11
61, 88, 26, 36, 48
26, 76, 31, 97, 30
32, 87, 61, 99, 64
61, 75, 55, 44, 58
6, 74, 8, 92, 22
100, 83, 4, 62, 22
85, 9, 74, 80, 43
41, 98, 20, 86, 25
15, 8, 74, 92, 86
64, 29, 68, 51, 45
30, 58, 21, 51, 64
59, 52, 51, 21, 95
43, 94, 61, 77, 49
23, 50, 84, 100, 61
19, 73, 23, 17, 98
74, 40, 28, 81, 47
79, 6, 80, 18, 40
19, 49, 37, 43, 89
49, 10, 36, 44, 1
34, 19, 73, 91, 30
94, 18, 92, 30, 50
60, 80, 35, 15, 66
12, 17, 39, 80, 89
3, 31, 54, 42, 92
62, 35, 23, 28, 82
79, 26, 94, 94, 48
40, 93, 90, 54, 28
40, 69, 78, 9, 37
69, 21, 1, 93, 28
90, 72, 90, 22, 86
29, 82, 90, 15, 64
96, 1, 56, 79, 68
94, 11, 7, 10, 90
76, 47, 3, 57, 67
96, 90, 84, 31, 72
21, 39, 0, 0, 90
72, 9, 47, 2, 8
74, 62, 72, 83, 58
32, 59, 21, 80, 3
35, 13, 87, 18, 53
52, 93, 75, 29, 78
16, 65, 62, 60, 23
10, 59, 28, 6, 69
42, 47, 22, 3, 26
89, 77, 34, 32, 59
50, 92, 91, 82, 39
79, 42, 98, 85, 79
62, 77, 55, 29, 72
29, 89, 50, 78, 99
86, 63, 17, 5, 60
2, 43, 8, 49, 47
79, 99, 79, 2, 87
58, 82, 78, 2, 62
81, 27, 18, 18, 6
48, 95, 100, 2, 94
91, 96, 64, 8, 31
80, 12, 3, 80, 87
25, 23, 51, 65, 93
42, 78, 56, 96, 65
56, 13, 67, 81, 99
32, 71, 33, 83, 3
48, 65, 42, 51, 4
44, 79, 92, 30, 21
46, 82, 39, 5, 9
21, 72, 91, 18, 47
